19222 90.0 0.0 0.0
18778 16.0 0.0 -55.0
1632 16.0 0.0 -55.0
1225 16.0 0.0 -55.0
3593 16.0 0.0 -55.0
18857 16.0 0.0 -55.0
19129 16.0 0.0 -55.0
19531 16.0 0.0 -55.0
19608 16.0 0.0 -55.0
1227 16.0 0.0 -55.0
1464 16.0 0.0 -55.0
3565 16.0 0.0 -55.0
7392 16.0 0.0 -55.0
3578 16.0 0.0 -55.0
6188 16.0 0.0 -55.0
6189 16.0 0.0 -55.0
9257 16.0 0.0 -55.0
16502 16.0 0.0 -55.0
12990 16.0 0.0 -55.0
17068 16.0 0.0 -55.0
11495 16.0 0.0 -55.0
10841 16.0 0.0 -55.0
10830 16.0 0.0 -55.0
10831 16.0 0.0 -55.0
9071 16.0 0.0 -55.0
8395 16.0 0.0 -55.0
5309 16.0 0.0 -55.0
8058 16.0 0.0 -55.0
4550 16.0 0.0 -55.0
4563 16.0 0.0 -55.0
7584 16.0 0.0 -55.0
8575 16.0 0.0 -55.0
13666 16.0 0.0 -55.0
13801 16.0 0.0 -55.0
3568 16.0 0.0 -55.0
16775 16.0 0.0 -55.0
11360 16.0 0.0 -55.0
11319 16.0 0.0 -55.0
1649 16.0 0.0 -55.0
8613 16.0 0.0 -55.0
5130 16.0 0.0 -55.0
9316 16.0 0.0 -55.0
13749 16.0 0.0 -55.0
16640 16.0 0.0 -55.0
11470 16.0 0.0 -55.0
14608 16.0 0.0 -55.0
1676 16.0 0.0 -55.0
1315 16.0 0.0 -55.0
1224 16.0 0.0 -55.0
869 16.0 0.0 -55.0
899 16.0 0.0 -55.0
16121 16.0 0.0 -55.0
16122 16.0 0.0 -55.0
768 16.0 0.0 -55.0
763 16.0 0.0 -55.0
789 16.0 0.0 -55.0
8171 16.0 0.0 -55.0
8343 16.0 0.0 -55.0
8344 16.0 0.0 -55.0
10767 16.0 0.0 -55.0
17052 16.0 0.0 -55.0
18807 16.0 0.0 -55.0
18803 16.0 0.0 -55.0
18804 16.0 0.0 -55.0
18805 16.0 0.0 -55.0
18806 16.0 0.0 -55.0
18802 16.0 0.0 -55.0
18788 16.0 0.0 -55.0
18789 16.0 0.0 -55.0
18798 16.0 0.0 -55.0
18799 16.0 0.0 -55.0
18795 16.0 0.0 -55.0
18791 16.0 0.0 -55.0
18790 16.0 0.0 -55.0
18800 16.0 0.0 -55.0
18793 16.0 0.0 -55.0
18801 16.0 0.0 -55.0
18777 16.0 0.0 -55.0
18772 16.0 0.0 -55.0
18784 16.0 0.0 -55.0
18785 16.0 0.0 -55.0
18786 16.0 0.0 -55.0
18787 16.0 0.0 -55.0
18783 16.0 0.0 -55.0
18781 16.0 0.0 -55.0
18988 16.0 0.0 -55.0
18853 16.0 0.0 -55.0
18985 16.0 0.0 -55.0
18842 16.0 0.0 -55.0
18836 16.0 0.0 -55.0
18809 16.0 0.0 -55.0
18820 16.0 0.0 -55.0
19912 16.0 0.0 -55.0
19913 16.0 0.0 -55.0
19868 16.0 0.0 -55.0
19529 16.0 0.0 -55.0
19532 16.0 0.0 -55.0
19887 16.0 0.0 -55.0
18750 16.0 0.0 -55.0
11441 16.0 0.0 -55.0
11442 16.0 0.0 -55.0
11443 16.0 0.0 -55.0
11444 16.0 0.0 -55.0
11445 16.0 0.0 -55.0
3594 16.0 0.0 -55.0
13591 16.0 0.0 -55.0
18246 16.0 0.0 -55.0
19306 16.0 0.0 -55.0